0.00000    68517072.00000000 14388.58496094
0.00100    68512672.00000000 22609.18164062
0.00200    68499000.00000000 33907.00781250
0.00300    68475592.00000000 49302.42578125
0.00400    68442896.00000000 61598.60937500
0.00500    68400936.00000000 73873.01562500
0.00600    68349816.00000000 71767.30468750
0.00700    68289288.00000000 81947.14843750
0.00800    68219544.00000000 110515.66406250
0.00900    68140592.00000000 132874.15625000
0.01000    68052672.00000000 134744.29687500
0.01100    67955744.00000000 134552.39062500
0.01200    67849296.00000000 198459.18750000
0.01300    67734048.00000000 213362.25000000
0.01400    67609760.00000000 197758.54687500
0.01500    67476576.00000000 226721.29687500
0.01600    67334232.00000000 188872.53125000
0.01700    67183304.00000000 199534.42187500
0.01800    67023344.00000000 229219.84375000
0.01900    66854744.00000000 200564.25000000
0.02000    66677560.00000000 378061.78125000
0.02100    66491580.00000000 307191.12500000
0.02200    66297072.00000000 228724.92187500
0.02300    66094268.00000000 309321.18750000
0.02400    65883048.00000000 321179.87500000
0.02500    65663448.00000000 358522.43750000
0.02600    65435596.00000000 371019.84375000
0.02700    65199736.00000000 355990.56250000
0.02800    64955620.00000000 310812.65625000
0.02900    64703716.00000000 349400.09375000
0.03000    64443792.00000000 329630.00000000
0.03100    64176328.00000000 431264.93750000
0.03200    63901096.00000000 347941.46875000
0.03300    63618356.00000000 356898.96875000
0.03400    63328184.00000000 332472.96875000
0.03500    63030448.00000000 340364.40625000
0.03600    62725592.00000000 382939.75000000
0.03700    62413588.00000000 391333.18750000
0.03800    62094632.00000000 435904.34375000
0.03900    61768832.00000000 444735.59375000
0.04000    61436228.00000000 604532.50000000
0.04100    61096880.00000000 461892.43750000
0.04200    60751064.00000000 391844.40625000
0.04300    60398888.00000000 398632.68750000
0.04400    60040444.00000000 486327.62500000
0.04500    59675792.00000000 535291.87500000
0.04600    59305100.00000000 627151.50000000
0.04700    58928476.00000000 551570.56250000
0.04800    58546228.00000000 516377.75000000
0.04900    58158364.00000000 436187.75000000
0.05000    57765008.00000000 662853.50000000
0.05100    57366316.00000000 805423.12500000
0.05200    56962496.00000000 452851.84375000
0.05300    56553368.00000000 458082.31250000
0.05400    56139552.00000000 509466.43750000
0.05500    55720972.00000000 655278.68750000
0.05600    55297652.00000000 520074.43750000
0.05700    54869836.00000000 572841.12500000
0.05800    54437852.00000000 722662.50000000
0.05900    54001600.00000000 583217.31250000
0.06000    53561040.00000000 588100.25000000
0.06100    53116960.00000000 740981.62500000
0.06200    52668948.00000000 796354.50000000
0.06300    52217560.00000000 501288.59375000
0.06400    51762496.00000000 504684.37500000
0.06500    51304016.00000000 660282.75000000
0.06600    50842624.00000000 562065.18750000
0.06700    50377980.00000000 616626.50000000
0.06800    49910728.00000000 671548.87500000
0.06900    49440824.00000000 934431.62500000
0.07000    48968088.00000000 573661.12500000
0.07100    48493064.00000000 576097.62500000
0.07200    48015732.00000000 525772.31250000
0.07300    47536476.00000000 685951.43750000
0.07400    47055144.00000000 846992.62500000
0.07500    46572032.00000000 849473.87500000
0.07600    46087100.00000000 691997.87500000
0.07700    45600740.00000000 906998.81250000
0.07800    45113040.00000000 588048.50000000
0.07900    44624084.00000000 589037.93750000
0.08000    44134024.00000000 589851.25000000
0.08100    43643092.00000000 805215.06250000
0.08200    43151324.00000000 644680.81250000
0.08300    42658796.00000000 1021251.62500000
0.08400    42165748.00000000 645136.00000000
0.08500    41672468.00000000 537574.81250000
0.08600    41178856.00000000 752337.75000000
0.08700    40685156.00000000 590748.50000000
0.08800    40191504.00000000 536556.62500000
0.08900    39698076.00000000 643108.81250000
0.09000    39204744.00000000 802717.18750000
0.09100    38712032.00000000 534226.06250000
0.09200    38219640.00000000 639796.81250000
0.09300    37728148.00000000 638360.25000000
0.09400    37237248.00000000 636757.00000000
0.09500    36747424.00000000 793744.43750000
0.09600    36258592.00000000 738587.50000000
0.09700    35770972.00000000 683583.31250000
0.09800    35284576.00000000 523975.96875000
0.09900    34799712.00000000 835193.12500000
0.10000    34316280.00000000 571880.81250000
0.10100    33834504.00000000 776501.87500000
0.10200    33354456.00000000 927587.50000000
0.10300    32876224.00000000 718016.81250000
0.10400    32399880.00000000 561327.93750000
0.10500    31925836.00000000 609145.00000000
0.10600    31453820.00000000 807734.12500000
0.10700    30984086.00000000 803107.56250000
0.10800    30516656.00000000 598736.81250000
0.10900    30051742.00000000 644609.87500000
0.11000    29589404.00000000 640462.68750000
0.11100    29129622.00000000 489377.68750000
0.11200    28672622.00000000 583201.12500000
0.11300    28218480.00000000 530789.62500000
0.11400    27767214.00000000 622679.81250000
0.11500    27318990.00000000 522885.46875000
0.11600    26873812.00000000 565962.50000000
0.11700    26431810.00000000 514627.37500000
0.11800    25992940.00000000 510371.40625000
0.11900    25557402.00000000 506036.56250000
0.12000    25125188.00000000 547226.62500000
0.12100    24696572.00000000 497142.03125000
0.12200    24271274.00000000 626927.06250000
0.12300    23849660.00000000 709765.87500000
0.12400    23431668.00000000 571146.93750000
0.12500    23017222.00000000 565533.12500000
0.12600    22606670.00000000 602919.87500000
0.12700    22199814.00000000 468860.09375000
0.12800    21796840.00000000 506122.65625000
0.12900    21397866.00000000 417258.40625000
0.13000    21002696.00000000 536513.93750000
0.13100    20611570.00000000 448920.03125000
0.13200    20224464.00000000 524521.50000000
0.13300    19841440.00000000 518456.84375000
0.13400    19462474.00000000 394115.09375000
0.13500    19087720.00000000 584084.25000000
0.13600    18717128.00000000 576955.50000000
0.13700    18350782.00000000 455833.46875000
0.13800    17988562.00000000 375061.56250000
0.13900    17630732.00000000 703466.25000000
0.14000    17277120.00000000 438493.31250000
0.14100    16927884.00000000 432676.71875000
0.14200    16582935.00000000 569126.37500000
0.14300    16242337.00000000 421001.40625000
0.14400    15906081.00000000 380553.00000000
0.14500    15574258.00000000 375183.90625000
0.14600    15246814.00000000 537907.62500000
0.14700    14923807.00000000 364439.37500000
0.14800    14605211.00000000 522282.34375000
0.14900    14290986.00000000 418011.34375000
0.15000    13981143.00000000 380007.46875000
0.15100    13675763.00000000 405349.62500000
0.15200    13374888.00000000 368344.43750000
0.15300    13078361.00000000 453165.25000000
0.15400    12786235.00000000 475648.00000000
0.15500    12498563.00000000 321713.00000000
0.15600    12215279.00000000 345203.78125000
0.15700    11936444.00000000 396051.21875000
0.15800    11661888.00000000 278136.03125000
0.15900    11391833.00000000 300744.40625000
0.16000    11126004.00000000 322431.62500000
0.16100    10864666.00000000 343214.81250000
0.16200    10607659.00000000 337164.43750000
0.16300    10354864.00000000 280202.62500000
0.16400    10106474.00000000 250135.23437500
0.16500    9862263.00000000 343798.50000000
0.16600    9622415.00000000 241041.51562500
0.16700    9386682.00000000 496743.25000000
0.16800    9155209.00000000 348126.84375000
0.16900    8927957.00000000 295961.81250000
0.17000    8704840.00000000 267934.96875000
0.17100    8485814.00000000 284614.21875000
0.17200    8270914.50000000 279019.31250000
0.17300    8060071.00000000 315551.78125000
0.17400    7853312.50000000 206149.46875000
0.17500    7650496.50000000 262565.06250000
0.17600    7451655.50000000 257193.90625000
0.17700    7256795.50000000 232507.73437500
0.17800    7065787.00000000 208688.01562500
0.17900    6878664.50000000 260013.53125000
0.18000    6695394.50000000 199957.96875000
0.18100    6515958.00000000 266828.50000000
0.18200    6340187.50000000 174038.15625000
0.18300    6168171.00000000 221313.98437500
0.18400    5999807.00000000 283040.90625000
0.18500    5835122.00000000 260479.84375000
0.18600    5673999.50000000 175071.26562500
0.18700    5516426.00000000 202232.18750000
0.18800    5362367.50000000 152023.12500000
0.18900    5211821.00000000 163390.59375000
0.19000    5064600.50000000 174120.98437500
0.19100    4920873.00000000 212581.73437500
0.19200    4780409.50000000 207589.28125000
0.19300    4643317.00000000 148632.57812500
0.19400    4509426.00000000 131900.71875000
0.19500    4378744.00000000 128735.07812500
0.19600    4251214.50000000 163310.40625000
0.19700    4126822.25000000 134823.29687500
0.19800    4005497.50000000 119564.10937500
0.19900    3887214.75000000 139939.73437500
0.20000    3771883.25000000 125094.50781250
0.20100    3659507.75000000 121971.39843750
0.20200    3549983.75000000 129716.41406250
0.20300    3443347.00000000 126439.71093750
0.20400    3339486.00000000 112958.11718750
0.20500    3238388.00000000 100066.19531250
0.20600    3139975.25000000 146244.35937500
0.20700    3044246.00000000 161466.82812500
0.20800    2951104.25000000 120272.25781250
0.20900    2860589.25000000 90108.56250000
0.21000    2772534.00000000 122850.98437500
0.21100    2686973.00000000 93990.32031250
0.21200    2603854.00000000 99831.76562500
0.21300    2523102.75000000 113388.24218750
0.21400    2444715.50000000 102494.70312500
0.21500    2368638.00000000 84418.25781250
0.21600    2294778.00000000 104573.03906250
0.21700    2223175.50000000 94507.19531250
0.21800    2153697.50000000 84898.75781250
0.21900    2086315.50000000 75733.25781250
0.22000    2021042.00000000 66997.54687500
0.22100    1957832.37500000 78234.98437500
0.22200    1896594.87500000 76129.32812500
0.22300    1837298.87500000 61733.24218750
0.22400    1779894.62500000 84100.02343750
0.22500    1724417.12500000 70149.28906250
0.22600    1670702.62500000 68264.91406250
0.22700    1618823.12500000 66436.50781250
0.22800    1568670.87500000 59272.23437500
0.22900    1520194.87500000 57691.39843750
0.23000    1473418.87500000 66370.15625000
0.23100    1428275.87500000 64615.20312500
0.23200    1384688.87500000 53234.36718750
0.23300    1342675.00000000 75404.63281250
0.23400    1302178.75000000 50491.98437500
0.23500    1263106.75000000 44713.98046875
0.23600    1225521.25000000 52280.73828125
0.23700    1189328.87500000 72180.37500000
0.23800    1154486.62500000 57943.68359375
0.23900    1120973.50000000 60532.57031250
0.24000    1088766.75000000 43294.81250000
0.24100    1057846.62500000 46079.80078125
0.24200    1028129.12500000 44970.37109375
0.24300    999610.06250000 51220.02343750
0.24400    972255.25000000 53595.57421875
0.24500    946024.00000000 38399.11328125
0.24600    920899.93750000 40943.21093750
0.24700    896842.06250000 36698.77734375
0.24800    873814.56250000 35900.67187500
0.24900    851785.18750000 38330.33593750
0.25000    830738.37500000 34405.03125000
0.25100    810629.43750000 49026.87109375
0.25200    791469.81250000 36043.53515625
0.25300    773186.81250000 44187.62890625
0.25400    755769.81250000 31799.01562500
0.25500    739166.00000000 31222.37500000
0.25600    723393.75000000 41830.24609375
0.25700    708395.37500000 32897.88281250
0.25800    694162.37500000 35058.67187500
0.25900    680657.62500000 29200.21289062
0.26000    667868.93750000 31376.48437500
0.26100    655735.12500000 25770.39062500
0.26200    644302.31250000 30501.27343750
0.26300    633467.62500000 27593.85156250
0.26400    623274.37500000 29730.18750000
0.26500    613665.81250000 39176.42968750
0.26600    604621.56250000 24215.09375000
0.26700    596144.62500000 23965.01562500
0.26800    588193.00000000 23733.58789062
0.26900    580734.87500000 23519.76367188
0.27000    573785.43750000 27989.25390625
0.27100    567296.25000000 27774.82812500
0.27200    561293.00000000 34477.42578125
0.27300    555676.00000000 22838.28320312
0.27400    550457.87500000 31788.94531250
0.27500    545697.75000000 22591.88671875
0.27600    541258.56250000 31485.01367188
0.27700    537224.87500000 22402.27734375
0.27800    533514.50000000 24560.34179688
0.27900    530154.81250000 26719.80468750
0.28000    527096.25000000 26660.52929688
0.28100    524339.43750000 26615.47070312
0.28200    521878.87500000 28799.88671875
0.28300    519693.93750000 33208.44531250
0.28400    517746.75000000 28773.77734375
0.28500    516066.90625000 26567.12695312
0.28600    514596.06250000 24368.69726562
0.28700    513357.18750000 22177.03125000
0.28800    512313.75000000 24429.68359375
0.28900    511486.68750000 35599.47265625
0.29000    510812.00000000 24526.64062500
0.29100    510342.93750000 22353.02148438
0.29200    510011.21875000 24656.49414062
0.29300    509849.87500000 29229.69531250
0.29400    509794.65625000 22558.41406250
0.29500    509899.40625000 27167.44140625
0.29600    510104.12500000 29542.68164062
0.29700    510414.09375000 22815.51171875
0.29800    510837.43750000 25202.16601562
0.29900    511360.68750000 23011.23242188
0.30000    511942.00000000 25425.59960938
0.30100    512624.43750000 30188.45507812
0.30200    513344.96875000 30330.98828125
0.30300    514145.37500000 39856.55078125
0.30400    515000.43750000 35341.90625000
0.30500    515879.37500000 26046.75000000
0.30600    516795.50000000 30937.96484375
0.30700    517763.81250000 23920.68945312
0.30800    518734.06250000 31256.32421875
0.30900    519738.87500000 26584.64453125
0.31000    520749.62500000 43727.34765625
0.31100    521750.56250000 31743.30664062
0.31200    522769.12500000 24544.01171875
0.31300    523774.12500000 24669.76367188
0.31400    524785.81250000 29755.35742188
0.31500    525758.25000000 27413.03710938
0.31600    526724.87500000 25045.76953125
0.31700    527670.31250000 27686.86132812
0.31800    528570.31250000 25292.09179688
0.31900    529461.37500000 27955.56054688
0.32000    530309.00000000 38301.57031250
0.32100    531107.81250000 43609.26562500
0.32200    531882.50000000 38654.56250000
0.32300    532579.43750000 46590.05078125
0.32400    533237.37500000 25995.32226562
0.32500    533842.56250000 31325.88281250
0.32600    534399.93750000 26212.31640625
0.32700    534888.12500000 42106.39453125
0.32800    535331.87500000 29060.49218750
0.32900    535692.87500000 29168.47851562
0.33000    536007.87500000 34596.62890625
0.33100    536214.06250000 37384.84765625
0.33200    536406.12500000 37510.88281250
0.33300    536498.25000000 32254.27539062
0.33400    536521.93750000 35048.29687500
0.33500    536465.00000000 35149.18750000
0.33600    536338.37500000 35245.48046875
0.33700    536124.50000000 27181.51367188
0.33800    535848.06250000 38147.02734375
0.33900    535472.87500000 30040.02929688
0.34000    535024.93750000 38313.13671875
0.34100    534491.75000000 35645.25781250
0.34200    533899.12500000 38456.75390625
0.34300    533195.62500000 27512.89648438
0.34400    532442.18750000 30309.27343750
0.34500    531585.93750000 27589.31250000
0.34600    530666.93750000 38669.70312500
0.34700    529632.06250000 41470.19140625
0.34800    528535.87500000 35969.51171875
0.34900    527355.50000000 27686.16406250
0.35000    526086.56250000 30468.30468750
0.35100    524758.75000000 27707.26367188
0.35200    523312.34375000 38793.14843750
0.35300    521797.93750000 30478.21875000
0.35400    520209.43750000 30471.26757812
0.35500    518541.31250000 30459.11914062
0.35600    516779.53125000 30440.89843750
0.35700    514947.15625000 41478.99609375
0.35800    513038.84375000 33152.57031250
0.35900    511057.06250000 33116.50000000
0.36000    509005.71875000 33075.19140625
0.36100    506862.40625000 33027.15625000
0.36200    504673.59375000 27479.47851562
0.36300    502382.21875000 32916.08203125
0.36400    500021.87500000 32851.43750000
0.36500    497588.09375000 30049.34570312
0.36600    495100.81250000 40882.95312500
0.36700    492529.56250000 32625.16015625
0.36800    489924.43750000 37964.24609375
0.36900    487246.96875000 32450.65039062
0.37000    484473.00000000 32353.10742188
0.37100    481647.56250000 29563.52929688
0.37200    478785.81250000 34824.48828125
0.37300    475850.18750000 34703.75781250
0.37400    472864.37500000 37238.07031250
0.37500    469823.81250000 37097.29296875
0.37600    466733.12500000 36951.26171875
0.37700    463578.68750000 28913.40234375
0.37800    460384.09375000 44493.82421875
0.37900    457157.68750000 28663.78710938
0.38000    453865.28125000 31126.08398438
0.38100    450524.59375000 30978.07226562
0.38200    447155.46875000 33395.80859375
0.38300    443731.84375000 28114.85156250
0.38400    440293.37500000 35597.71875000
0.38500    436790.81250000 40464.30468750
0.38600    433284.59375000 32697.82226562
0.38700    429717.18750000 35013.35937500
0.38800    426126.00000000 34810.23437500
0.38900    422503.12500000 27188.07812500
0.39000    418877.31250000 24567.15625000
0.39100    415208.28125000 31738.52343750
0.39200    411524.03125000 29111.21093750
0.39300    407809.59375000 33742.16796875
0.39400    404105.28125000 26337.56250000
0.39500    400354.03125000 28537.23632812
0.39600    396590.21875000 23616.94921875
0.39700    392818.50000000 28141.51757812
0.39800    389043.34375000 27941.09570312
0.39900    385253.53125000 30049.77734375
0.40000    381453.93750000 27533.34570312
0.40100    377642.90625000 29603.42968750
0.40200    373846.68750000 24858.93554688
0.40300    370028.46875000 26908.47265625
0.40400    366222.31250000 26697.60742188
0.40500    362414.71875000 22071.05859375
0.40600    358622.56250000 30651.47265625
0.40700    354826.90625000 32573.11132812
0.40800    351035.71875000 30150.45898438
0.40900    347252.65625000 40576.47265625
0.41000    343495.53125000 25411.80078125
0.41100    339736.59375000 25194.86718750
0.41200    335986.18750000 24977.21484375
0.41300    332267.12500000 24760.54687500
0.41400    328553.43750000 26588.18945312
0.41500    324870.62500000 22299.12109375
0.41600    321183.87500000 20090.05273438
0.41700    317540.37500000 25882.71679688
0.41800    313935.21875000 25650.07812500
0.41900    310305.06250000 29323.83007812
0.42000    306733.40625000 21307.23632812
0.42100    303195.71875000 21111.51953125
0.42200    299680.84375000 19014.75000000
0.42300    296181.28125000 28255.69531250
0.42400    292721.81250000 20527.11914062
0.42500    289293.18750000 22183.00195312
0.42600    285884.78125000 29297.47460938
0.42700    282533.78125000 21766.40234375
0.42800    279200.75000000 17966.57031250
0.42900    275925.06250000 19576.88476562
0.43000    272675.65625000 24679.87500000
0.43100    269440.00000000 22697.62695312
0.43200    266275.03125000 22482.93359375
0.43300    263132.50000000 22268.90429688
0.43400    260038.78125000 23754.54296875
0.43500    256974.76562500 20167.38085938
0.43600    253980.76562500 16648.43945312
0.43700    251001.96875000 18139.91210938
0.43800    248060.73437500 17968.27929688
0.43900    245182.42187500 19418.44921875
0.44000    242340.81250000 17633.92968750
0.44100    239548.78125000 20646.71093750
0.44200    236803.90625000 15735.62109375
0.44300    234101.51562500 18709.39453125
0.44400    231449.43750000 20084.02734375
0.44500    228817.26562500 22961.81445312
0.44600    226246.35937500 18203.78320312
0.44700    223736.04687500 22552.59570312
0.44800    221255.51562500 14901.55957031
0.44900    218841.18750000 17726.13671875
0.45000    216472.90625000 21966.58984375
0.45100    214130.06250000 17421.62304688
0.45200    211852.54687500 23032.60937500
0.45300    209610.71875000 21411.73437500
0.45400    207426.04687500 21235.24218750
0.45500    205290.59375000 23871.19140625
0.45600    203195.15625000 22286.44531250
0.45700    201154.20312500 17965.08203125
0.45800    199150.15625000 15082.63867188
0.45900    197193.35937500 16327.61132812
0.46000    195307.71875000 17557.18750000
0.46100    193430.89062500 18766.66601562
0.46200    191634.14062500 14639.89062500
0.46300    189868.06250000 15857.78125000
0.46400    188139.23437500 18371.79687500
0.46500    186473.98437500 13034.53222656
0.46600    184843.67187500 15537.95996094
0.46700    183246.76562500 15436.70800781
0.46800    181725.78125000 20455.05468750
0.46900    180217.39062500 16516.92382812
0.47000    178760.59375000 13892.38085938
0.47100    177351.84375000 15067.81347656
0.47200    175986.59375000 18729.37500000
0.47300    174670.48437500 14902.88671875
0.47400    173367.84375000 14822.95214844
0.47500    172127.06250000 14747.84765625
0.47600    170939.96875000 20792.28320312
0.47700    169756.93750000 17040.20312500
0.47800    168634.56250000 19386.23046875
0.47900    167561.28125000 13270.85449219
0.48000    166499.68750000 21623.31445312
0.48100    165510.81250000 14359.71875000
0.48200    164512.53125000 15494.61328125
0.48300    163569.71875000 15437.70996094
0.48400    162669.28125000 14201.02929688
0.48500    161795.87500000 15333.39550781
0.48600    160969.18750000 16462.32031250
0.48700    160166.06250000 12896.57226562
0.48800    159380.75000000 18704.92578125
0.48900    158637.01562500 17489.73242188
0.49000    157930.57812500 18610.53906250
0.49100    157262.64062500 11605.98339844
0.49200    156605.34375000 15055.25488281
0.49300    155986.03125000 11558.56542969
0.49400    155395.09375000 12691.89453125
0.49500    154822.39062500 11518.78710938
0.49600    154292.15625000 16103.47265625
0.49700    153773.56250000 11486.88574219
0.49800    153291.34375000 14916.01464844
0.49900    152818.59375000 16045.95312500
0.50000    152383.09375000 20612.86132812
0.50100    151948.60937500 12585.90429688
0.50200    151564.00000000 18296.80664062
0.50300    151199.18750000 16002.92285156
0.50400    150830.45312500 12567.94726562
0.50500    150501.64062500 13707.68945312
0.50600    150178.48437500 13705.29003906
0.50700    149891.37500000 17132.58593750
0.50800    149609.67187500 13707.23828125
0.50900    149353.00000000 12568.05468750
0.51000    149118.29687500 13715.90234375
0.51100    148885.53125000 16008.17382812
0.51200    148674.35937500 20592.88671875
0.51300    148461.39062500 19458.83398438
0.51400    148282.34375000 18327.69726562
0.51500    148106.26562500 11463.42578125
0.51600    147953.60937500 13768.56347656
0.51700    147808.18750000 17227.04492188
0.51800    147670.46875000 12645.76074219
0.51900    147548.34375000 17263.15820312
0.52000    147433.79687500 13826.34277344
0.52100    147339.37500000 11536.67382812
0.52200    147233.20312500 11550.44531250
0.52300    147166.90625000 15037.51464844
0.52400    147086.06250000 11583.02832031
0.52500    147014.59375000 15079.28808594
0.52600    146945.67187500 11616.05566406
0.52700    146899.40625000 20941.98046875
0.52800    146843.90625000 12817.27050781
0.52900    146795.34375000 19839.39257812
0.53000    146767.76562500 14028.06347656
0.53100    146733.62500000 12880.27832031
0.53200    146699.10937500 14074.31250000
0.53300    146673.06250000 16447.91796875
0.53400    146638.81250000 17651.64843750
0.53500    146630.56250000 14146.91699219
0.53600    146620.35937500 21258.48632812
0.53700    146603.17187500 11830.87597656
0.53800    146596.03125000 11852.29003906
0.53900    146576.70312500 16621.79882812
0.54000    146573.18750000 13083.85644531
0.54100    146566.06250000 13107.40332031
0.54200    146552.89062500 13130.40722656
0.54300    146567.32812500 15547.86328125
0.54400    146552.43750000 14376.79492188
0.54500    146534.64062500 15601.54394531
0.54600    146527.39062500 16831.60156250
0.54700    146519.92187500 18065.90820312
0.54800    146498.71875000 16889.83789062
0.54900    146499.53125000 12086.21191406
0.55000    146476.26562500 18159.39453125
0.55100    146459.39062500 12126.83789062
0.55200    146441.20312500 13362.02832031
0.55300    146410.59375000 14600.06542969
0.55400    146398.76562500 13406.46777344
0.55500    146372.35937500 12207.45507812
0.55600    146341.32812500 12226.81933594
0.55700    146314.31250000 12246.50878906
0.55800    146262.00000000 12264.06933594
0.55900    146228.68750000 13511.53125000
0.56000    146190.43750000 12301.92578125
0.56100    146147.71875000 16016.33007812
0.56200    146088.89062500 14804.64941406
0.56300    146038.95312500 14825.87500000
0.56400    145969.71875000 17319.30664062
0.56500    145901.81250000 16103.18261719
0.56600    145836.42187500 19845.42187500
0.56700    145752.56250000 17385.36718750
0.56800    145676.75000000 13676.86230469
0.56900    145591.78125000 16182.52636719
0.57000    145502.62500000 14954.76074219
0.57100    145415.98437500 13724.36132812
0.57200    145309.67187500 12489.36718750
0.57300    145210.82812500 18753.97851562
0.57400    145092.35937500 15017.05957031
0.57500    144971.50000000 16283.20019531
0.57600    144850.85937500 13790.52734375
0.57700    144716.28125000 15056.28222656
0.57800    144583.50000000 15068.49218750
0.57900    144448.68750000 18850.55468750
0.58000    144300.81250000 13833.39843750
0.58100    144157.64062500 12584.96289062
0.58200    143986.21875000 18887.39257812
0.58300    143823.37500000 15118.71289062
0.58400    143657.28125000 13866.52050781
0.58500    143485.07812500 12612.33886719
0.58600    143303.34375000 20188.57617188
0.58700    143107.96875000 18933.18554688
0.58800    142912.01562500 21464.66992188
0.58900    142713.34375000 17682.18554688
0.59000    142501.00000000 13895.98535156
0.59100    142293.21875000 17689.89453125
0.59200    142065.29687500 13900.37890625
0.59300    141841.60937500 12638.08886719
0.59400    141595.62500000 16428.63281250
0.59500    141369.14062500 17693.76171875
0.59600    141120.50000000 13901.07519531
0.59700    140870.28125000 13899.67089844
0.59800    140604.76562500 16423.34179688
0.59900    140344.48437500 16420.30664062
0.60000    140076.29687500 13890.66699219
0.60100    139792.76562500 13885.61523438
0.60200    139505.93750000 12618.31347656
0.60300    139214.04687500 17657.91015625
0.60400    138915.34375000 16388.53906250
0.60500    138613.00000000 13859.91406250
0.60600    138303.09375000 13851.74609375
0.60700    137986.40625000 16359.66992188
0.60800    137659.43750000 15090.22851562
0.60900    137330.65625000 12565.75585938
0.61000    136989.50000000 18832.63281250
0.61100    136654.01562500 13799.32226562
0.61200    136307.23437500 13786.79589844
0.61300    135959.92187500 12521.90917969
0.61400    135588.62500000 21263.68750000
0.61500    135221.28125000 14993.33593750
0.61600    134849.10937500 12480.28613281
0.61700    134477.32812500 13712.65429688
0.61800    134088.95312500 19920.25585938
0.61900    133694.68750000 19893.76953125
0.62000    133304.03125000 18625.90625000
0.62100    132893.32812500 16118.63281250
0.62200    132493.96875000 13619.71875000
0.62300    132073.23437500 17306.87695312
0.62400    131661.60937500 12343.27636719
0.62500    131231.17187500 13554.86816406
0.62600    130804.53125000 17223.03320312
0.62700    130366.28125000 15964.65527344
0.62800    129923.21875000 14709.90722656
0.62900    129479.18750000 13459.36132812
0.63000    129029.91406250 13433.95019531
0.63100    128573.00781250 15845.33886719
0.63200    128113.39062500 17030.11328125
0.63300    127644.82812500 13352.92578125
0.63400    127182.37500000 12114.12109375
0.63500    126699.18750000 14504.52441406
0.63600    126226.00781250 14473.07519531
0.63700    125737.15625000 12033.04589844
0.63800    125253.42187500 13206.09472656
0.63900    124765.48437500 16768.48242188
0.64000    124259.35937500 13142.29199219
0.64100    123764.57812500 16685.94140625
0.64200    123257.80468750 15454.68066406
0.64300    122748.08593750 15414.70507812
0.64400    122243.22656250 14192.43945312
0.64500    121721.23437500 14153.74609375
0.64600    121205.13281250 16468.14257812
0.64700    120680.84375000 16422.25000000
0.64800    120162.41406250 12867.59179688
0.64900    119621.82031250 16328.37988281
0.65000    119094.74218750 12792.56250000
0.65100    118563.50000000 18552.81640625
0.65200    118025.45312500 18496.94921875
0.65300    117487.40625000 13830.61914062
0.65400    116944.48437500 13787.75585938
0.65500    116411.71875000 14891.38769531
0.65600    115861.76562500 11418.17773438
0.65700    115312.48437500 17072.01367188
0.65800    114760.00000000 13612.83203125
0.65900    114214.92187500 12438.00585938
0.66000    113661.26562500 14650.36914062
0.66100    113115.25781250 11232.34570312
0.66200    112555.08593750 14551.68554688
0.66300    112004.82812500 14502.38574219
0.66400    111455.17187500 12229.41894531
0.66500    110894.25000000 15509.66992188
0.66600    110339.65625000 12143.43066406
0.66700    109777.31250000 13199.62500000
0.66800    109228.82031250 15345.55761719
0.66900    108669.78906250 12013.44531250
0.67000    108112.05468750 10881.47851562
0.67100    107555.43750000 18430.69921875
0.67200    107001.46875000 16202.69824219
0.67300    106448.11718750 10761.90527344
0.67400    105890.06250000 15009.91699219
0.67500    105335.75000000 11749.14941406
0.67600    104785.49218750 10640.96777344
0.67700    104230.63281250 12720.30761719
0.67800    103682.00000000 11616.01367188
0.67900    103137.84375000 12624.07226562
0.68000    102584.23437500 12574.77539062
0.68100    102042.03125000 14614.46093750
0.68200    101501.47656250 15598.24023438
0.68300    100961.13281250 17609.64062500
0.68400    100429.02343750 10319.08203125
0.68500    99895.28125000  13362.99316406
0.68600    99357.82812500  11262.70703125
0.68700    98829.71875000  13258.99609375
0.68800    98303.77343750  16255.51269531
0.68900    97784.40625000  14168.96093750
0.69000    97257.25781250  11088.78710938
0.69100    96741.28125000  10041.74609375
0.69200    96227.96875000  12003.47753906
0.69300    95707.88281250  14944.78613281
0.69400    95208.59375000  12903.14453125
0.69500    94704.91406250  17796.94921875
0.69600    94201.14843750  12803.34960938
0.69700    93702.20312500  14715.93164062
0.69800    93220.20312500  11728.96582031
0.69900    92733.50000000  14605.52734375
0.70000    92251.64843750  14550.39257812
0.70100    91772.46875000  11596.37011719
0.70200    91301.83593750  12516.11230469
0.70300    90818.69531250  12467.59082031
0.70400    90362.14843750  11466.95800781
0.70500    89904.94531250  12377.21484375
0.70600    89450.79687500  12332.13476562
0.70700    88999.39843750  9451.73632812
0.70800    88555.00000000  10359.60644531
0.70900    88112.79687500  14076.02050781
0.71000    87677.14062500  10285.84472656
0.71100    87250.01562500  11181.96191406
0.71200    86821.34375000  9285.54296875
0.71300    86405.53125000  13881.04980469
0.71400    85989.45312500  13833.55371094
0.71500    85581.63281250  13787.20214844
0.71600    85182.64843750  10993.67285156
0.71700    84778.00000000  10956.70898438
0.71800    84393.53906250  10012.02832031
0.71900    83999.31250000  13607.88964844
0.72000    83629.05468750  15375.62011719
0.72100    83248.47656250  13523.71484375
0.72200    82880.40625000  10786.05664062
0.72300    82512.58593750  9856.95410156
0.72400    82165.03125000  11616.08203125
0.72500    81799.00000000  13361.86718750
0.72600    81459.06250000  9771.42187500
0.72700    81117.96093750  11515.50683594
0.72800    80783.52343750  8833.67871094
0.72900    80455.56250000  9690.87304688
0.73000    80120.97656250  14934.95117188
0.73100    79796.69531250  11390.18066406
0.73200    79502.84375000  13112.00781250
0.73300    79191.17187500  10462.73828125
0.73400    78883.20312500  9566.56054688
0.73500    78590.14062500  10411.62207031
0.73600    78306.09375000  9522.41308594
0.73700    78017.10156250  9500.14355469
0.73800    77735.85937500  8617.02050781
0.73900    77463.92187500  8598.49511719
0.74000    77197.72656250  11154.68554688
0.74100    76933.63281250  9418.98535156
0.74200    76674.91406250  11109.04589844
0.74300    76415.54687500  10233.57031250
0.74400    76179.78125000  10215.70898438
0.74500    75928.32031250  11045.29394531
0.74600    75695.43750000  9329.84179688
0.74700    75463.95312500  10160.46679688
0.74800    75237.00000000  9298.16503906
0.74900    75018.45312500  9283.53417969
0.75000    74797.29687500  10111.09960938
0.75100    74584.37500000  10095.74121094
0.75200    74391.44531250  12603.77148438
0.75300    74175.82812500  9228.21484375
0.75400    73981.23437500  9216.21191406
0.75500    73788.67187500  9204.39941406
0.75600    73606.46875000  11701.22070312
0.75700    73412.62500000  10016.41894531
0.75800    73243.24218750  9172.61718750
0.75900    73060.56250000  15824.91894531
0.76000    72889.53906250  9984.41015625
0.76100    72730.82812500  9975.76074219
0.76200    72563.40625000  9135.37011719
0.76300    72404.32812500  9957.04296875
0.76400    72255.15625000  10778.66406250
0.76500    72099.81250000  10769.54980469
0.76600    71961.60937500  12418.77539062
0.76700    71810.29687500  9099.80078125
0.76800    71680.46875000  9095.17675781
0.76900    71536.51562500  9914.96191406
0.77000    71407.56250000  9909.94238281
0.77100    71276.42187500  8253.80957031
0.77200    71164.76562500  9076.70996094
0.77300    71028.11718750  8246.36523438
0.77400    70921.17968750  12366.88183594
0.77500    70805.53125000  9065.94042969
0.77600    70700.59375000  10712.20117188
0.77700    70589.75000000  9061.60644531
0.77800    70486.25781250  11530.84765625
0.77900    70385.89062500  9058.66503906
0.78000    70285.12500000  12350.85449219
0.78100    70192.96875000  9880.36230469
0.78200    70100.12500000  12349.89062500
0.78300    70011.65625000  10703.38281250
0.78400    69923.09375000  9056.78906250
0.78500    69840.19531250  9057.57519531
0.78600    69763.48437500  14824.04296875
0.78700    69675.78125000  8235.67773438
0.78800    69607.67187500  9885.68261719
0.78900    69538.43750000  9064.33593750
0.79000    69471.59375000  9891.36621094
0.79100    69397.57812500  9893.31835938
0.79200    69329.12500000  10720.70996094
0.79300    69268.73437500  9899.88769531
0.79400    69210.02343750  10729.28417969
0.79500    69150.55468750  9082.23437500
0.79600    69100.35156250  9087.04199219
0.79700    69042.57812500  9917.27636719
0.79800    68993.49218750  12403.30566406
0.79900    68938.14843750  9927.09375000
0.80000    68899.04687500  9106.04296875
0.80100    68852.27343750  9939.51464844
0.80200    68811.21875000  13261.29882812
0.80300    68764.17187500  13268.73535156
0.80400    68726.92968750  8298.77734375
0.80500    68695.12500000  9966.29003906
0.80600    68659.75000000  8311.26367188
0.80700    68624.60937500  9149.03320312
0.80800    68593.89062500  14150.57714844
0.80900    68565.94531250  9996.91503906
0.81000    68545.59375000  9172.42968750
0.81100    68516.95312500  9179.90234375
0.81200    68497.57031250  9188.60742188
0.81300    68478.55468750  13377.97070312
0.81400    68467.33593750  10044.15820312
0.81500    68440.48437500  11727.96191406
0.81600    68426.82031250  11739.99023438
0.81700    68422.07812500  10074.46679688
0.81800    68405.63281250  12605.44824219
0.81900    68399.28906250  11778.35839844
0.82000    68386.34375000  9263.95703125
0.82100    68391.42968750  8432.66406250
0.82200    68379.95312500  10129.80664062
0.82300    68375.89062500  9296.38671875
0.82400    68378.51562500  11000.39453125
0.82500    68384.04687500  9320.06250000
0.82600    68390.56250000  11877.38964844
0.82700    68396.57031250  9344.33984375
0.82800    68397.75000000  9355.78710938
0.82900    68412.02343750  11924.21679688
0.83000    68429.87500000  12794.67675781
0.83100    68439.56250000  8541.25781250
0.83200    68447.70312500  10263.04882812
0.83300    68468.75000000  10278.52929688
0.83400    68485.72656250  12008.97265625
0.83500    68510.35156250  12886.79785156
0.83600    68534.18750000  9464.91406250
0.83700    68561.67187500  10341.84277344
0.83800    68582.39843750  10357.31445312
0.83900    68614.07812500  9509.91210938
0.84000    68639.28906250  8658.84667969
0.84100    68673.81250000  8673.50292969
0.84200    68708.23437500  8688.15722656
0.84300    68739.56250000  10442.91503906
0.84400    68773.85937500  9588.79589844
0.84500    68812.65625000  12225.25683594
0.84600    68857.07031250  8748.29101562
0.84700    68894.37500000  14897.72070312
0.84800    68935.87500000  11412.67968750
0.84900    68981.85937500  9674.70605469
0.85000    69024.79687500  9692.11718750
0.85100    69077.32031250  9710.88964844
0.85200    69125.14843750  12382.38867188
0.85300    69177.88281250  9747.85644531
0.85400    69232.29687500  11542.75488281
0.85500    69285.46093750  10675.50390625
0.85600    69332.44531250  14260.29882812
0.85700    69391.60156250  10716.83984375
0.85800    69452.58593750  11633.65625000
0.85900    69510.73437500  12553.63867188
0.86000    69568.81250000  9883.29394531
0.86100    69633.82812500  9904.02050781
0.86200    69697.81250000  13533.57324219
0.86300    69762.97656250  9945.41015625
0.86400    69826.22656250  9965.94824219
0.86500    69892.92187500  12710.72753906
0.86600    69958.59375000  9098.11523438
0.86700    70036.19531250  13678.06933594
0.86800    70100.02343750  10051.29199219
0.86900    70167.57031250  10072.55468750
0.87000    70237.07031250  10094.12109375
0.87100    70312.53125000  10116.56738281
0.87200    70387.03125000  11982.33691406
0.87300    70458.91406250  10160.87988281
0.87400    70534.94531250  10183.48242188
0.87500    70613.10937500  10206.41992188
0.87600    70686.78125000  11158.61621094
0.87700    70762.78906250  12115.29785156
0.87800    70842.56250000  9340.59179688
0.87900    70920.93750000  9361.56445312
0.88000    70995.32812500  9382.03320312
0.88100    71078.12500000  11284.36328125
0.88200    71153.78125000  11309.18261719
0.88300    71233.55468750  9445.56933594
0.88400    71313.60937500  14200.32324219
0.88500    71390.03125000  10436.50878906
0.88600    71471.26562500  10460.17773438
0.88700    71547.60937500  9530.14160156
0.88800    71629.53125000  13372.51855469
0.88900    71712.17187500  9573.57519531
0.89000    71787.25781250  11513.24121094
0.89100    71860.45312500  12499.40722656
0.89200    71940.68750000  14454.68261719
0.89300    72019.06250000  14486.63574219
0.89400    72096.10937500  10646.79394531
0.89500    72173.49218750  17460.21289062
0.89600    72247.74218750  9720.93359375
0.89700    72321.33593750  11690.02050781
0.89800    72393.77343750  10738.53125000
0.89900    72471.28125000  10761.98632812
0.90000    72544.14843750  10784.77636719
0.90100    72615.74218750  9824.91015625
0.90200    72683.57812500  11813.98925781
0.90300    72750.56250000  13810.96777344
0.90400    72822.32812500  16805.57421875
0.90500    72893.64843750  12878.12109375
0.90600    72957.47656250  16873.97070312
0.90700    73020.94531250  12929.08984375
0.90800    73082.07031250  9964.74121094
0.90900    73145.54687500  12979.67773438
0.91000    73209.70312500  13005.33789062
0.91100    73261.06250000  14030.95996094
0.91200    73319.26562500  15061.61132812
0.91300    73375.78125000  10059.82031250
0.91400    73425.89843750  15116.55761719
0.91500    73482.01562500  12115.71484375
0.91600    73530.24218750  15171.12792969
0.91700    73580.62500000  12158.46289062
0.91800    73623.96093750  13193.78222656
0.91900    73669.60937500  13216.32812500
0.92000    73710.87500000  16293.05175781
0.92100    73748.33593750  14279.15332031
0.92200    73786.64062500  11237.33691406
0.92300    73821.60937500  12278.01074219
0.92400    73853.35156250  11271.86816406
0.92500    73884.71875000  15393.88281250
0.92600    73911.23437500  18499.24414062
0.92700    73937.88281250  12350.58496094
0.92800    73961.95312500  14429.23828125
0.92900    73978.96093750  13416.08496094
0.93000    74006.95312500  13435.59375000
0.93100    74019.03125000  16556.57812500
0.93200    74031.88281250  15541.14355469
0.93300    74037.46093750  11409.91308594
0.93400    74046.67968750  13500.56152344
0.93500    74053.85156250  13516.30957031
0.93600    74061.23437500  14573.03027344
0.93700    74056.37500000  11461.70605469
0.93800    74058.78906250  13560.53515625
0.93900    74054.26562500  11485.81738281
0.94000    74047.10156250  11496.92382812
0.94100    74033.96093750  11507.09863281
0.94200    74023.67187500  11517.71386719
0.94300    74011.15625000  12575.97558594
0.94400    73988.57031250  11536.66894531
0.94500    73963.10156250  14693.51074219
0.94600    73948.56250000  12605.27246094
0.94700    73918.10156250  10511.15429688
0.94800    73886.72656250  15776.66406250
0.94900    73852.46875000  12628.77343750
0.95000    73819.63281250  12636.44531250
0.95100    73785.70312500  11590.25878906
0.95200    73750.76562500  14759.74121094
0.95300    73703.50781250  12656.36718750
0.95400    73655.64062500  11606.28808594
0.95500    73613.23437500  13722.97949219
0.95600    73561.53125000  10559.75781250
0.95700    73511.68750000  14789.08203125
0.95800    73456.95312500  13736.81835938
0.95900    73394.25000000  13739.40429688
0.96000    73337.07812500  12685.84863281
0.96100    73274.18750000  16917.54492188
0.96200    73210.96875000  12690.39062500
0.96300    73141.61718750  12691.53417969
0.96400    73069.82812500  13749.91601562
0.96500    72996.14843750  14807.99902344
0.96600    72923.82812500  13750.88183594
0.96700    72847.30468750  11635.17187500
0.96800    72773.24218750  15866.38671875
0.96900    72692.82812500  10576.80664062
0.97000    72607.60937500  10575.29882812
0.97100    72523.53906250  12688.71972656
0.97200    72438.58593750  13744.13574219
0.97300    72348.51562500  12684.14257812
0.97400    72261.19531250  11625.02050781
0.97500    72160.60937500  11620.74511719
0.97600    72071.98437500  11618.36523438
0.97700    71979.07812500  11615.26464844
0.97800    71876.77343750  14777.14648438
0.97900    71777.08593750  10551.23242188
0.98000    71683.59375000  15822.36132812
0.98100    71582.79687500  13707.39062500
0.98200    71473.90625000  16862.12500000
0.98300    71372.99218750  16855.44726562
0.98400    71262.81250000  12634.89746094
0.98500    71157.66406250  13681.48535156
0.98600    71047.05468750  11570.36914062
0.98700    70943.12500000  13667.90332031
0.98800    70827.92187500  10507.32226562
0.98900    70717.95312500  11551.77832031
0.99000    70599.22656250  12593.49121094
0.99100    70490.21875000  11537.83984375
0.99200    70378.39062500  15724.29296875
0.99300    70265.30468750  10476.55761719
0.99400    70142.86718750  11515.70507812
0.99500    70030.35156250  10462.53515625
0.99600    69912.87500000  15683.20605469
0.99700    69793.61718750  13582.53613281
0.99800    69671.89062500  11484.36621094
0.99900    69558.62500000  12520.55371094
1.00000    69440.27343750  13554.39453125
